01101
01101
01101
01101
01101
01101
01101
01101
01101
01101
01101
01101
01101
01101
01101
01101
01101
01101
01101
01101
01101
01101
01101
01101
01101
01101
01101
01101
01101
01101
01101
01101
01101
01101
01101
01101
01101
01101
01101
01101
01101
01101
01101
01101
01101
01101
01101
01101
01101
01101
01101
01101
01101
01101
01101
01101
01101
01101
01101
01101
01101
01101
01101
01101
01101
01101
01101
01101
01101
01101
01101
01101
01101
01101
01101
01101
01101
01101
01101
01101
01101
01101
01101
01101
01101
01101
01101
01101
01101
01102
01102
01102
01102
01102
01102
01102
01102
01102
01102
01102
